Mission definition:

Number of UAVs employed: 5
Energies available to the UAVs: [2000, 2000, 2000, 2000, 2000]
Altitude of the UAVs: 50 m
FOV of the sensors: 84 deg
Percentage of overlap: 50 %
Probability of detection POD: 63.0 %
Without grid placement optimization.
Total POC = 66.13% Grid comp. time = 6.70s
Grid parameters: s_x = 0.00m, s_y = 0.00m, theta = 0.00deg


Using the Simulated Annealing algorithm:

Initial guess generated using the Attraction algorithm.
T_init: 0.000183
L_k: 2653
T_min: 2.11e-05
alpha: 0.954
Synchronism: 0
Number of threads: 15
Objective function value J of the accepted paths of each thread: [0.2576585114002228, 0.2579612135887146, 0.2590658664703369, 0.2585850954055786, 0.26168498396873474, 0.25925251841545105, 0.25905534625053406, 0.25870463252067566, 0.25644373893737793, 0.257386177778244, 0.25990182161331177, 0.2585524320602417, 0.25869277119636536, 0.2590744197368622, 0.25893253087997437]
Objective function value J of the final UAV paths: 0.26168498396873474
UAV paths described as indexes of the valid cell list: [[710, 735, 734, 759, 736, 711, 686, 685, 684, 658, 657, 683, 709, 708, 682, 681, 655, 656, 629, 630, 601, 600, 570, 571, 540, 541, 508, 509, 510, 511, 542, 543, 544, 573, 574, 575, 576, 547, 516, 517, 516, 517, 518, 519, 549, 548, 577, 578, 608, 609, 579, 580, 550, 551, 520, 521, 487, 486, 452, 451, 485, 484, 483, 449, 414, 413, 448, 449, 450, 451, 415, 380, 379, 378, 377, 412, 447, 446, 481, 515, 547, 546, 575, 576, 606, 605, 604, 603, 572, 603, 602, 631, 660, 659, 689, 688, 714, 739, 738, 762, 786, 785, 805, 783, 759, 781, 802, 801, 800, 820, 837, 838, 849, 850, 849, 848, 847, 836, 820, 836, 847, 846, 845, 844, 833, 817, 818, 798, 778, 755, 756], [446, 445, 444, 409, 410, 411, 412, 447, 448, 482, 481, 515, 546, 545, 514, 513, 480, 479, 512, 478, 477, 476, 475, 474, 440, 441, 442, 443, 408, 407, 376, 375, 406, 405, 374, 343, 344, 345, 314, 280, 247, 246, 245, 244, 277, 278, 311, 312, 342, 310, 309, 308, 307, 339, 340, 341, 342, 373, 372, 371, 370, 338, 337, 368, 369, 400, 401, 402, 403, 404, 439, 473, 472, 438, 437, 436, 470, 471, 472, 506, 505, 538, 569, 599, 598, 568, 537, 536, 504, 505, 539, 540, 541, 508, 507, 473, 439, 404, 440, 405, 374, 373, 343, 344, 376, 406, 407, 408, 442, 443, 477, 476, 510, 509, 475, 441, 476, 511, 512, 513, 545, 514, 480, 479, 445, 410, 409, 444, 445, 444, 478, 479, 480], [90, 62, 31, 30, 61, 60, 29, 28, 59, 27, 58, 26, 25, 57, 56, 89, 117, 145, 176, 175, 207, 208, 239, 240, 272, 241, 273, 305, 306, 274, 242, 275, 276, 243, 209, 210, 177, 146, 118, 91, 92, 93, 120, 119, 148, 180, 213, 179, 212, 211, 178, 147, 119, 92, 64, 63, 32, 33, 34, 35, 65, 66, 94, 95, 121, 149, 150, 151, 152, 153, 184, 217, 216, 215, 183, 182, 181, 214, 248, 281, 313, 312, 279, 278, 310, 309, 308, 275, 242, 243, 277, 244, 245, 246, 212, 178, 177, 146, 147, 148, 179, 149, 122, 123, 97, 96, 95, 68, 37, 36, 67, 66, 65, 64, 92, 91, 63, 62, 31, 30, 29, 28, 27, 58, 59, 60, 30, 61, 60, 61], [758, 733, 732, 756, 779, 755, 778, 799, 798, 797, 776, 777, 754, 753, 729, 730, 731, 705, 679, 654, 680, 706, 707, 733, 757, 758, 782, 803, 802, 780, 781, 757, 779, 780, 801, 800, 820, 819, 835, 836, 837, 821, 822, 823, 824, 804, 783, 760, 761, 737, 712, 713, 687, 686, 685, 684, 658, 657, 683, 709, 708, 682, 656, 629, 628, 627, 626, 652, 678, 704, 728, 727, 751, 752, 775, 774, 773, 793, 813, 829, 830, 814, 794, 795, 796, 817, 816, 815, 831, 832, 833, 834, 818, 797, 776, 777, 754, 753, 754, 755, 730, 729, 704, 703, 702, 676, 675, 648, 649, 650, 677, 651, 652, 653, 679, 654, 680, 706, 707, 708, 734, 735, 736, 711, 710, 735, 734, 733, 732, 731, 732, 733], [81, 82, 48, 49, 18, 19, 50, 83, 112, 113, 141, 140, 170, 169, 139, 111, 110, 138, 137, 109, 108, 80, 47, 46, 79, 107, 78, 45, 15, 16, 17, 6, 5, 0, 1, 2, 7, 8, 3, 9, 20, 51, 84, 85, 52, 21, 10, 22, 12, 13, 14, 25, 24, 55, 88, 87, 54, 53, 86, 114, 142, 172, 173, 143, 115, 116, 144, 174, 206, 238, 271, 270, 237, 205, 236, 203, 204, 172, 171, 202, 234, 235, 202, 201, 233, 232, 200, 168, 167, 136, 166, 136, 135, 134, 106, 107, 79, 45, 78, 46, 47, 16, 15, 16, 5, 6, 7, 18, 19, 20, 51, 52, 85, 84, 111, 112, 113, 141, 170, 139, 110, 109, 108, 80, 81, 49, 50, 49, 48, 82, 83]]
Max thread processing time (s): 508.6031188964844
Sum of threads processing time (s): 7552.852386474609
Max thread wall-clock time (s): 508.64154052734375
Sum of threads wall-clock time (s): 7553.555908203125


Characteristics of the paths generated by the algorithm:

Paths distances (m): [15795.68973481381, 15929.91613574491, 15870.945131817225, 15910.259134435679, 15843.14593397013]
Sum of the turn angles in the paths (deg): [9180.001098933051, 8370.0, 8459.995604267795, 8145.004945198731, 8955.002747332628]
Energy required for the paths (kJ): [1997.4323041438695, 1999.0432382007075, 1993.7359372973579, 1992.8627488002512, 1999.0637342429777]
Objective function J = 0.2616849900352719
Cumulative probability of success POS_c = 40.5986056196841
Expected detection time EDT (in UAV steps) = 50.07251177615147
Wall clock time for paths generation (s) = 536.7110149860382
