Mission definition:

Number of UAVs employed: 5
Energies available to the UAVs: [2000, 2000, 2000, 2000, 2000]
Altitude of the UAVs: 50 m
FOV of the sensors: 84 deg
Percentage of overlap: 50 %
Probability of detection POD: 63.0 %
Without grid placement optimization.
Total POC = 66.13% Grid comp. time = 8.53s
Grid parameters: s_x = 0.00m, s_y = 0.00m, theta = 0.00deg


Using the Ant Colony Optimization algorithm:

n_iter = 10000
alpha = 2.73
beta = 19.96
rho = 0.69
Q = 9.56
eta_min = 9.31e-07
Total number of nodes explored: 20774
UAV paths described as indexes of the valid cell list: [[683, 708, 732, 707, 682, 657, 656, 681, 706, 730, 705, 680, 655, 629, 630, 601, 571, 600, 599, 628, 654, 627, 598, 569, 570, 540, 508, 475, 441, 407, 376, 406, 375, 405, 374, 343, 344, 345, 313, 312, 278, 244, 210, 177, 146, 118, 90, 61, 30, 60, 59, 29, 28, 58, 26, 27, 57, 89, 117, 145, 176, 175, 144, 173, 142, 113, 84, 83, 49, 82, 81, 48, 17, 16, 47, 46, 15, 5, 6, 18, 50, 51, 19, 7, 1, 0, 6, 2, 8, 20, 52, 85, 112, 111, 110, 109, 80, 108, 79, 45, 78, 107, 136, 137, 138, 169, 168, 167, 200, 201, 234, 233, 232, 199, 166, 135], [709, 684, 658, 685, 686, 712, 737, 713, 687, 659, 631, 602, 572, 543, 513, 514, 479, 478, 444, 445, 446, 410, 409, 443, 408, 442, 477, 511, 512, 542, 510, 476, 509, 474, 439, 440, 404, 373, 342, 311, 279, 245, 211, 178, 147, 148, 119, 92, 63, 62, 91, 64, 32, 31, 61, 60, 28, 59, 29, 30, 62, 90, 91, 118, 147, 120, 93, 121, 149, 179, 212, 246, 280, 247, 213, 214, 248, 281, 314, 344, 314, 345, 313, 343, 312, 278, 277, 244, 276, 275, 307, 339, 338, 306, 273, 241, 208, 207, 174, 206, 205, 172, 141, 114, 86, 115, 143, 116, 88, 87, 55, 56, 25, 14, 24, 54, 53, 21], [733, 757, 756, 779, 755, 731, 754, 778, 799, 777, 798, 776, 797, 817, 796, 775, 753, 729, 704, 679, 653, 678, 677, 652, 626, 625, 651, 676, 675, 648, 647, 621, 649, 650, 624, 623, 622, 592, 593, 594, 564, 595, 596, 597, 568, 538, 539, 507, 541, 508, 473, 438, 472, 437, 403, 372, 341, 309, 276, 275, 243, 242, 209, 242, 274, 308, 340, 310, 277, 243, 210, 209, 177, 178, 146, 119, 148, 180, 181, 215, 216, 182, 150, 151, 122, 94, 65, 33, 34, 66, 35, 67, 95, 123, 152, 183, 217, 184, 153, 124, 96, 68, 36, 37, 69, 97, 125, 154, 185, 218, 249, 282, 315, 346, 379], [734, 758, 780, 801, 781, 782, 802, 821, 800, 819, 820, 835, 818, 834, 833, 816, 795, 774, 752, 728, 703, 702, 727, 751, 773, 794, 815, 832, 844, 845, 846, 836, 837, 838, 848, 847, 853, 854, 849, 839, 824, 805, 785, 806, 825, 840, 850, 855, 856, 851, 841, 826, 807, 786, 763, 739, 713, 686, 685, 710, 709, 733, 708, 734, 758, 757, 756, 732, 707, 682, 683, 684, 657, 658, 630, 656, 681, 706, 731, 755, 778, 779, 801, 780, 781, 759, 735, 711, 736, 712, 737, 760, 782, 802, 821, 800, 799, 777, 754, 730, 705, 680, 655, 629, 600, 601, 571, 541, 540, 506, 471, 470, 435, 400, 368, 336, 306], [710, 735, 711, 736, 759, 760, 761, 783, 803, 822, 823, 804, 784, 762, 738, 714, 688, 660, 632, 603, 573, 545, 515, 480, 481, 516, 482, 447, 411, 412, 448, 483, 517, 547, 546, 575, 576, 548, 518, 550, 549, 519, 484, 449, 413, 377, 378, 414, 450, 485, 520, 551, 579, 578, 577, 608, 607, 606, 605, 574, 544, 512, 479, 480, 513, 478, 477, 444, 445, 409, 443, 408, 442, 407, 406, 376, 375, 374, 405, 441, 476, 510, 475, 509, 474, 440, 404, 439, 438, 402, 371, 370, 401, 369, 337, 305, 272, 240, 239, 238, 237, 204, 171, 140, 139, 170, 203, 202, 235, 236, 270, 271, 304, 269, 268]]


Characteristics of the paths generated by the algorithm:

Paths distances (m): [16165.221503363935, 15967.254510200768, 16003.19590458574, 16232.334703829483, 16098.108302898383]
Sum of the turn angles in the paths (deg): [6300.00879146441, 7875.011538797038, 7560.007692531359, 5715.013736663141, 6975.002747332628]
Energy required for the paths (kJ): [1990.6219350838962, 1994.8261246085583, 1993.5601363745727, 1988.3134971700242, 1994.4873539862263]
Objective function J = 0.24474061516730466
Cumulative probability of success POS_c = 38.39424712333646
Expected detection time EDT (in UAV steps) = 50.65862981653176
Wall clock time for paths generation (s) = 236.17918133735657
