Mission definition:

Number of UAVs employed: 5
Energies available to the UAVs: [2000, 2000, 2000, 2000, 2000]
Altitude of the UAVs: 50 m
FOV of the sensors: 84 deg
Percentage of overlap: 50 %
Probability of detection POD: 63.0 %
Using Bayesian Optimization for grid placement with 50 iterations.
Total POC = 66.54% Grid comp. time = 310.87s
Grid parameters: s_x = 49.88m, s_y = 6.11m, theta = 41.12deg


Using the Monte Carlo Tree Search algorithm:

C: 1e-12
max_runtime: 200
A terminal node was reached during the exploration: False
Number of rollouts per simulation: 1
Total number of iterations: 8359
Total number of nodes explored: 8360
Effective branching factor: [1.00844224]
UAV paths described as indexes of the valid cell list: [[192, 218, 217, 245, 244, 216, 243, 273, 274, 275, 276, 311, 310, 309, 272, 240, 271, 308, 307, 270, 238, 209, 236, 207, 181, 206, 234, 235, 208, 237, 269, 306, 305, 268, 267, 266, 265, 300, 299, 298, 297, 264, 233, 205, 180, 160, 139, 159, 179, 204, 203, 232, 263, 296, 295, 294, 332, 333, 334, 335, 336, 337, 301, 302, 303, 304, 342, 341, 340, 339, 338, 369, 370, 371, 372, 398, 423, 424, 448, 474, 502, 530, 559, 590, 622, 653, 687, 686, 685, 652, 651, 684, 717, 746, 772, 773, 797, 796, 771, 745, 772, 798, 799, 824, 823, 822, 821, 820, 795, 770, 744, 716, 683, 682, 715, 743, 769, 794, 819, 842, 843, 844, 845, 846, 847, 848], [723, 694, 661, 629, 628, 595, 564, 535, 508, 481, 480, 507, 479, 452, 453, 478, 506, 534, 563, 594, 626, 657, 691, 656, 625, 593, 562, 534, 533, 505, 477, 451, 428, 404, 379, 348, 312, 313, 276, 245, 217, 218, 192, 193, 220, 194, 171, 170, 169, 168, 150, 167, 151, 152, 153, 154, 155, 172, 195, 221, 248, 249, 221, 222, 196, 173, 156, 174, 157, 138, 121, 137, 136, 135, 134, 133, 132, 131, 113, 114, 115, 116, 117, 118, 119, 120, 101, 100, 99, 98, 97, 96, 95, 94, 74, 73, 93, 92, 91, 90, 89, 88, 67, 68, 69, 70, 71, 72, 52, 51, 50, 49, 48, 47, 65, 85, 104, 122, 142, 141, 140, 160, 139, 159, 180, 205, 233, 264], [565, 566, 596, 597, 565, 536, 537, 509, 538, 567, 598, 630, 629, 660, 659, 627, 658, 693, 692, 719, 720, 721, 722, 695, 696, 662, 631, 599, 568, 539, 510, 482, 454, 483, 511, 540, 569, 600, 632, 663, 697, 724, 752, 751, 750, 749, 748, 747, 718, 690, 655, 624, 592, 561, 532, 504, 476, 450, 427, 403, 378, 347, 346, 345, 344, 343, 376, 377, 402, 426, 401, 375, 374, 373, 399, 400, 425, 449, 475, 503, 531, 560, 591, 623, 654, 688, 689, 718, 691, 658, 628, 597, 596, 566, 537, 536, 508, 509, 510, 538, 567, 598, 630, 660, 659, 627, 595, 564, 535, 507, 480, 481, 482, 454, 483, 456, 430, 457, 485, 513, 542, 571, 602, 634, 665, 699, 726, 754, 780], [349, 314, 277, 246, 278, 247, 219, 191, 190, 189, 215, 242, 214, 241, 213, 212, 188, 187, 211, 239, 210, 184, 183, 182, 161, 144, 143, 142, 141, 140, 122, 123, 124, 125, 145, 162, 146, 147, 163, 164, 185, 186, 165, 148, 129, 128, 127, 126, 106, 105, 104, 85, 86, 66, 87, 107, 108, 109, 110, 111, 112, 130, 149, 165, 166, 187, 213, 242, 243, 244, 216, 190, 191, 219, 246, 247, 279, 315, 280, 250, 223, 197, 175, 198, 224, 251, 281, 316, 350, 380, 405, 429, 455, 484, 512, 541, 570, 601, 633, 664, 698, 725, 753, 779, 778, 777, 776, 775, 774, 801, 802, 803, 804, 777, 750, 722, 694, 661, 631, 599, 568, 539, 511], [286, 324, 323, 322, 356, 357, 358, 359, 387, 388, 360, 325, 326, 327, 328, 362, 390, 361, 389, 414, 413, 412, 411, 386, 385, 410, 435, 436, 437, 438, 415, 391, 363, 329, 291, 290, 289, 288, 287, 256, 257, 258, 259, 292, 330, 364, 392, 416, 417, 418, 393, 365, 331, 293, 262, 261, 260, 231, 203, 178, 158, 177, 202, 230, 229, 228, 227, 226, 255, 254, 285, 323, 358, 359, 360, 361, 391, 390, 389, 388, 387, 386, 357, 323, 324, 325, 326, 327, 362, 328, 291, 290, 289, 288, 287, 286, 322, 356, 385, 411, 412, 413, 414, 439, 440, 441, 442, 419, 394, 366, 367, 368, 396, 395, 420, 421, 397, 422, 445, 444, 443, 468, 467, 466, 465, 464, 463, 462, 461]]


Characteristics of the paths generated by the algorithm:

Paths distances (m): [16409.247715612502, 16353.649319918313, 16373.306321227545, 16350.276711684823, 16373.306321227543]
Sum of the turn angles in the paths (deg): [5175.007143064833, 5355.007143064833, 5265.011538797038, 5265.012637730089, 5355.013736663141]
Energy required for the paths (kJ): [1999.564057672317, 1996.2064044135134, 1996.937555412075, 1994.256927872844, 1998.4945934351583]
Objective function J = 0.2647386609128617
Cumulative probability of success POS_c = 40.97770660678262
Expected detection time EDT (in UAV steps) = 49.629950902930624
Wall clock time for paths generation (s) = 200.14304852485657
