Mission definition:

Number of UAVs employed: 5
Energies available to the UAVs: [2000, 2000, 2000, 2000, 2000]
Altitude of the UAVs: 50 m
FOV of the sensors: 84 deg
Percentage of overlap: 50 %
Probability of detection POD: 63.0 %
Without grid placement optimization.
Total POC = 66.13% Grid comp. time = 6.90s
Grid parameters: s_x = 0.00m, s_y = 0.00m, theta = 0.00deg


Using the Monte Carlo Tree Search algorithm:

C: 1e-12
max_runtime: 200
A terminal node was reached during the exploration: False
Number of rollouts per simulation: 1
Total number of iterations: 8789
Total number of nodes explored: 8790
Effective branching factor: [1.00648702]
UAV paths described as indexes of the valid cell list: [[441, 442, 443, 444, 445, 479, 480, 446, 410, 409, 408, 407, 406, 376, 375, 405, 374, 343, 344, 345, 313, 312, 278, 244, 209, 177, 146, 118, 91, 63, 31, 32, 64, 92, 119, 147, 178, 211, 210, 243, 242, 276, 277, 245, 279, 246, 212, 179, 148, 120, 149, 180, 213, 247, 280, 314, 281, 248, 214, 181, 150, 123, 122, 121, 93, 65, 33, 34, 66, 94, 95, 67, 35, 36, 37, 68, 96, 124, 151, 182, 215, 216, 183, 217, 184, 152, 153, 185, 218, 249, 282, 315, 346, 379, 380, 416, 417, 453, 487, 521, 520, 519, 518, 517, 482, 481, 480, 479, 478, 444, 445, 446, 410, 409, 443, 477, 442, 408, 407, 441, 476, 511, 512, 513, 514, 515, 516], [80, 81, 48, 82, 49, 50, 83, 110, 111, 84, 112, 139, 140, 141, 113, 85, 51, 20, 19, 18, 17, 47, 16, 15, 46, 79, 107, 108, 109, 138, 137, 168, 169, 170, 171, 172, 173, 174, 207, 240, 241, 273, 306, 274, 275, 309, 310, 311, 342, 373, 403, 404, 440, 474, 508, 541, 571, 601, 600, 599, 628, 654, 679, 705, 704, 678, 653, 627, 598, 569, 570, 540, 507, 473, 439, 438, 402, 372, 341, 340, 308, 307, 339, 371, 370, 401, 437, 472, 506, 539, 538, 505, 471, 470, 436, 400, 435, 469, 504, 537, 568, 597, 626, 652, 677, 702, 676, 675, 648, 647, 620, 621, 649, 650, 651, 625, 624, 623, 622, 592, 593, 594, 595, 596, 567], [475, 509, 476, 477, 478, 513, 514, 481, 516, 515, 482, 483, 517, 547, 546, 545, 544, 512, 511, 510, 542, 543, 572, 573, 574, 575, 576, 547, 548, 549, 550, 518, 484, 519, 485, 450, 449, 448, 447, 411, 412, 413, 412, 377, 378, 414, 415, 451, 452, 486, 520, 551, 579, 578, 577, 606, 605, 604, 603, 602, 631, 659, 687, 713, 738, 761, 784, 804, 823, 838, 837, 836, 847, 846, 835, 834, 844, 845, 835, 820, 800, 779, 757, 733, 758, 735, 711, 710, 709, 708, 734, 759, 781, 780, 756, 732, 707, 682, 683, 684, 658, 657, 656, 681, 706, 731, 755, 778, 800, 801, 802, 782, 760, 736, 712, 685, 686, 687, 688, 714, 739, 762, 785, 805, 824], [175, 208, 176, 145, 117, 89, 55, 56, 57, 58, 59, 60, 61, 90, 62, 30, 29, 28, 27, 26, 25, 14, 24, 54, 86, 114, 142, 143, 144, 116, 115, 88, 87, 53, 52, 51, 21, 9, 8, 7, 6, 5, 0, 1, 2, 3, 4, 10, 22, 23, 13, 12, 11, 21, 52, 84, 83, 82, 49, 48, 81, 80, 47, 17, 16, 15, 45, 78, 106, 135, 136, 167, 200, 201, 202, 203, 204, 205, 206, 239, 272, 305, 337, 338, 369, 368, 336, 306, 274, 242, 209, 177, 146, 118, 90, 61, 60, 59, 29, 28, 27, 58, 57, 26, 56, 89, 117, 145, 176, 207, 238, 237, 236, 235, 234, 233, 232, 199, 166, 165, 134, 105, 77, 45, 46, 15], [707, 708, 683, 709, 734, 733, 757, 732, 756, 779, 780, 758, 735, 710, 684, 658, 657, 682, 681, 656, 630, 629, 655, 680, 706, 731, 755, 778, 799, 800, 801, 781, 802, 782, 759, 736, 711, 685, 686, 712, 737, 760, 783, 803, 822, 821, 820, 819, 818, 798, 777, 754, 730, 705, 729, 753, 776, 797, 818, 817, 796, 775, 752, 728, 703, 727, 751, 774, 795, 816, 833, 843, 832, 815, 830, 814, 794, 773, 793, 813, 812, 792, 772, 750, 749, 726, 701, 674, 645, 646, 673, 700, 725, 748, 771, 770, 769, 747, 724, 699, 672, 644, 643, 616, 617, 618, 619, 591, 590, 589, 588, 587, 615, 642, 671, 698, 723, 746, 722, 697, 670, 669, 696, 721, 745, 768, 789, 790, 791]]


Characteristics of the paths generated by the algorithm:

Paths distances (m): [16286.536119452781, 16199.765917678007, 16294.678315990659, 16409.24771561253, 16278.393922914913]
Sum of the turn angles in the paths (deg): [5940.013187196615, 6120.014286129666, 5895.019231328397, 5085.014835596192, 5760.00879146441]
Energy required for the paths (kJ): [1998.5150324428052, 1991.5289999677632, 1998.6843886832942, 1998.0071907531128, 1994.4532047196303]
Objective function J = 0.26292074127376275
Cumulative probability of success POS_c = 40.639249539960964
Expected detection time EDT (in UAV steps) = 49.36110761000059
Wall clock time for paths generation (s) = 200.1518793106079
